10

10 10
6
1 1
1 2
2 1
3 3
3 4
4 4
5 1

15 15
10
5 5
5 6
5 7
6 6
6 7
8 9
8 7
9 9
9 8
9 7
5 1

20 20
37
1 1
2 2
3 3
4 4
5 5
6 6
7 7
8 8
9 9
10 10
11 11
12 12
13 13
14 14
15 15
16 16
17 17
18 18
19 19
1 2
2 3
3 4
4 5
5 6
6 7
7 8
8 9
9 10
10 11
11 12
12 13
13 14
14 15
15 16
16 17
17 18
18 19
25 1

20 20
12
1 1
1 2
2 2
2 3
2 4
2 5
6 6
6 7
7 7
7 8
7 9
7 10
3 1

15 15
8
7 9
7 10
8 9
8 10
9 9
9 10
10 9
10 10
5 1

20 20
17
1 10
2 20
3 10
4 10
5 10
5 11
6 11
7 11
8 11
9 11
10 11
10 12
11 12
12 13
13 14
14 15
15 16
10 1

15 15
15
1 1
1 2
1 3
1 4
1 5
2 2
2 3
2 4
2 5
2 6
3 3
3 4
3 5
3 6
3 7
10 1

20 20
15
7 17
8 17
7 18
8 18
9 18
11 14
12 14
11 15
12 15
13 15
17 18
18 18
17 19
18 19
19 19
10 1

22 22
30
17 11
14 2
19 14
15 8
6 15
6 11
11 3
6 19
17 16
20 17
19 10
9 12
15 2
20 10
12 16
1 16
19 6
9 15
5 8
13 15
16 10
3 17
2 4
9 19
4 20
4 13
19 12
5 16
1 16
5 18
15 1

20 20
60
9 8
8 13
15 18
1 2
10 6
17 4
10 8
18 5
3 12
11 4
15 8
4 2
13 12
17 9
13 2
4 3
2 1
13 19
11 5
3 10
6 13
13 10
3 19
17 16
10 13
7 15
5 14
17 12
11 14
17 2
11 1
17 5
1 2
10 6
14 2
6 17
8 2
14 4
5 6
19 1
4 16
6 16
10 7
18 13
13 8
13 10
8 5
16 15
14 16
18 17
14 18
2 10
15 6
14 16
16 2
2 3
1 2
19 1
10 18
6 7
10 1