8

10 10
5
1 7
2 8
5 3
8 8
4 3
15 1

20 20
10
13 1
15 13
18 18
7 8
8 7
9 10
11 14
19 11
13 3
2 1
15 1

15 15
10
11 2
13 4
5 2
5 6
7 13
14 4
11 7
9 2
9 11
1 7
15 1

20 20
20
6 8
9 9
11 14
16 4
9 2
10 19
1 6
2 18
18 5
5 13
12 15
18 13
4 16
11 4
9 17
7 17
2 11
1 4
11 1
7 17
20 1

21 21
20
19 11
15 14
15 2
16 9
14 5
9 6
16 5
18 13
17 7
16 10
7 5
15 12
18 17
12 19
11 19
17 14
6 15
16 15
1 8
7 15
20 1

100 100
50
75 92
4 55
41 2
85 15
2 90
80 54
23 67
46 28
9 85
27 38
60 43
92 40
37 22
22 75
79 17
22 55
15 33
36 2
58 93
16 15
92 71
30 22
17 65
16 94
80 86
95 31
63 91
24 89
76 7
20 71
78 88
51 9
68 73
62 5
96 18
2 56
24 2
58 73
96 15
4 59
83 7
60 65
7 8
32 80
4 16
79 59
44 35
21 39
36 32
72 13
30 2

100 100
50
3 40
84 6
67 81
13 16
40 32
99 53
59 94
76 45
92 24
73 20
54 21
8 85
59 50
79 28
98 56
37 41
49 69
49 77
52 99
71 34
10 2
60 38
82 76
76 22
11 58
12 45
51 87
11 2
84 93
22 98
51 74
21 49
29 55
69 42
17 59
64 58
23 25
93 19
19 58
83 12
41 64
35 95
82 97
5 7
69 42
95 38
59 95
23 30
1 58
87 38
30 2

100 100
50
39 96
1 94
51 90
93 80
84 96
46 7
40 69
73 58
87 16
44 72
41 88
58 72
77 87
23 34
27 33
97 54
38 35
84 63
20 11
22 72
15 28
41 4
20 24
32 73
93 83
19 67
23 48
23 22
58 81
77 87
74 24
51 96
50 10
43 52
87 86
31 5
92 79
36 30
44 21
50 42
12 58
63 49
91 92
17 29
35 70
32 21
35 57
28 93
45 31
78 38
30 1
